G=1
M=10000
m=5
a=200		100
v=6		4
T=122.6		25.17
T^2/a^3=
0.001878845	0.000633528

dla orbit kołowych
a=200		100
v=7.071068	10
T=177.71		62.82
T^2/a^3=
0.0039476055125	0,0039463524